divisor length = 3
common         = 101000
1010000000010
1010000000010
1010000000010
1010000000010
1010000000010
1010000000010
1010000000010
1010000000010
1010000000010
1010000000000
1010000000000
1010000000000
1010000000100
1010000000100
1010000000100
1010000000100
1010000000100
1010000000100
1010000000100
1010000000100
1010000000100
1010000000100
1010000000100
1010000000100
1010000001000
1010000001000
1010000001000
1010000001000
1010000001000
1010000001000
1010000001000
1010000001000
1010000001000
1010000001000
1010000001000
1010000001000
1010000001000
1010000001000
1010000000000
1010000000000
1010001000000
1010001000000
1010001000000
1010001000000
1010001000000
1010001000000
1010001000000
1010001000000
1010001000000
1010000000000
1010000000000
1010000000000
1010000100000
1010000100000
1010000100000
1010000100000
1010000100000
1010000100000
1010000100000
1010000100000
1010000100000
1010000100000
1010000100000
1010000000000
1010000010000
1010000010000
1010000010000
1010000010000
1010000010000
1010000010000
1010000010000
1010000010000
1010000010000
1010000010000
1010000010000
1010000010000
1010000010000
1010000010000
1010000000000
1010000000000